k1: 0.35509985513605213
k2: -2.1189846178901433
p1: 0.0003619671266270555
p2: -0.0016756997958073288
k3: 5.306303748947406